101 agents, 50 sellers 50 buyers, 1 market maker
unlimited budget (functionally)
500 iterations
CDA
varying alpha



alpha = 0

[-362.6206713438005, -219.26988174889993, -464.1713817244163, 403.98804097707034, -569.1440695074707, 157.84225534737925, 131.3562451491307, 436.04518381484377, -13.106117344388622, 400.11694203734805, 352.48017760465154, 270.7033121538552, -902.0374095088773, 202.16803044822882, -63.616728535387665, -938.8515821764158, -431.74711304284574, 279.0222330997058, -93.42404391897435, -821.1843355266028, 100.57502556132386, 29.249410419201013, -113.19240740266105, 478.1086841113138, -52.05520622100448, 23.906636990912375, -32.7359441252338, 371.5304331252264, 362.51077462598914, 28.46920999782742, -7.474185111685074, -107.06511398145813, -97.9865854105592, -560.2345326557115, 216.485262676797, 29.030408315709792, -900.4767070921516, -326.18770753397257, 450.32119675865397, -392.56697580739274, -211.28729071411362, -713.8266568616964, -610.1536995852075, -78.34973896612064, -53.17433651527972, -41.21997776711942, 134.49163625582878, 517.7194716340455, -227.56957349416916, 316.1625962209946]
shares traded:
[683, 639, 928, 877, 938, 328, 256, 939, 206, 845, 759, 583, 1224, 608, 471, 1369, 869, 580, 219, 1402, 541, 54, 289, 1382, 145, 47, 77, 704, 766, 169, 17, 426, 299, 989, 443, 53, 1440, 636, 1131, 691, 490, 1338, 1113, 174, 220, 445, 348, 1502, 480, 753]


avg utility:-74.24893612595159
avg shares traded:637.7




alpha = 0.05

utilities:
[-70.69086000301468, -1.8490500725310994, 63.695931526235654, -14.639965903974371, 78.74935754823673, 19.363920092611806, 98.87265182536794, 236.14928052377945, 5.148551958453027, 109.8648689364054, 124.83031939920329, 112.75868401495973, -11.126041600800818, 156.35612406146538, 11.383750923821935, 65.65251248631102, 94.19787557242671, -27.607629521357012, -75.70374215394258, 38.24117571343959, 35.66977853071876, 31.50946854556969, -111.89532984457037, -84.20299810389406, -91.59975216086605, -39.540738993979176, 10.259140572088654, 79.39531966659706, -129.7634022780403, 117.995685846181, -66.37605576861824, 305.2742725942808, 102.11593570627156, 162.6037635182729, -76.98843937777565, -32.46336443492328, -124.8573611923639, -19.64243528712541, -189.56539404659998, -50.556010988439084, 112.32983270894329, 72.7222104780376, 178.70291404685122, 258.6365045304119, 107.25334549165564, 42.694747323097545, -93.17681930572144, 33.674073292611865, -34.418574195951805, 149.30925049945654]
shares traded:
[425, 136, 218, 370, 983, 179, 372, 1074, 578, 348, 683, 675, 124, 547, 53, 276, 440, 314, 324, 184, 78, 1162, 679, 154, 979, 88, 440, 879, 628, 457, 172, 648, 530, 902, 185, 164, 640, 72, 599, 685, 512, 1321, 935, 1447, 552, 291, 454, 241, 79, 887]



avg utility: 33.374945653985485
avg shares traded: 503.26


alpha = 0.15

utilities:  [100.11988404493604, 42.640611314127455, -29.01136371609755, -22.737572497338988, -21.81858995555376, 44.61976257158676, 7.600975097971968, 41.7633791121043, 22.338049119367497, 4.429318492271705, 2.5408942709327675, 68.80415787278616, -37.900000256020576, -5.88583927883883, 56.6131388075446, 19.036662165104644, -42.60538452025503, 8.01105359462963, 0.17668654372391757, 186.1871371693269, 0.7185364909964846, -2.8507766355905915, -122.27882299023622, 41.18684173890506, -6.442692182579776, 93.38520809453621, 28.174159179572598, 23.748458906877204, 39.87005006139225, 89.26086644548923, 118.20268588479667, 12.858269301563269, -23.14252771057363, 103.08850197411084, 32.899836653174134, 111.2225721351133, -3.390844365116209, 87.97957245763973, 4.4664689936325885, -54.9374548093474, -19.149843329709256, 55.56687739044719, 73.48980389535427, 72.24375110545952, 92.6552797069744, 126.51218554952356, 4.812303836806677, -21.029408715476166, 115.71285863679077, 110.32606157757982]
shares traded:  [305, 309, 222, 59, 99, 945, 96, 444, 49, 113, 436, 398, 326, 195, 281, 94, 214, 132, 813, 567, 520, 789, 506, 542, 404, 164, 256, 501, 293, 400, 801, 26, 152, 619, 333, 466, 15, 330, 13, 360, 328, 275, 204, 1074, 764, 298, 337, 147, 279, 735]



avg utility: 32.60163478460832
avg shares traded:360.56





alpha = 0.25:

utilities:
[51.85656026468496, 8.175129140654462, 18.94516881243908, 18.37586776331591, -37.53387137337995, 59.49723222992907, 7.277464537124615, 49.585836681042565, 154.53952058228606, -53.94150696262659, 38.62799187649216, 89.02176505657553, 46.35851008252939, -42.89668215341226, 5.0474175508570625, -19.409260398111655, -74.83983058731246, -86.5320901653904, 34.33030542913184, 81.01928454804874, 30.807223507392337, 52.919961311039515, -15.84849657927407, 58.94064997333044, -50.174150751612615, -100.25524078935268, -16.78417515811452, 36.20346955722198, 43.06296283076517, 125.26674326090142, 127.1175111526245, 129.52508971503994, -49.52399049709493, 54.2995461087412, 63.572634894400835, -1.2682483526295982, -15.338720585728879, -30.759265609041904, -19.50472689520393, -10.862863325703074, 7.5331781572895125, 15.649556317788665, -35.985131998502766, -17.815014795807656, 1.71798752110044, 5.855955570106744, 134.82181974835112, 76.97360539976216, 0, -56.62148512598651]
shares traded:
[202, 208, 763, 199, 501, 501, 93, 853, 831, 132, 70, 1209, 256, 467, 21, 389, 394, 227, 390, 596, 1540, 266, 44, 967, 452, 299, 525, 131, 1117, 364, 292, 308, 1023, 552, 214, 3, 36, 1133, 717, 421, 217, 189, 314, 257, 114, 40, 398, 176, 0, 717]


avg utility: 17.82062394953362
avg shares traded: 422.56


alpha = 0.4

utilities:  [-90.16344888879394, -118.57281425257679, -30.895589213003404, 43.13527592670289, 17.324153893772746, 54.06514874873392, 179.96092582323763, 41.42991062082001, -38.87990988904494, 239.43403488691547, 62.231834878984955, 55.11957341822563, 20.90752418152988, 40.42547834746074, 33.680422149569495, 48.638120221177815, -4.371037457021885, -17.70711201368249, -68.44029213899921, 42.161419073047, 56.05774178597494, -74.83424530318007, 20.20911333867116, 185.9250357512501, 17.38267365581123, 31.80148998745426, 12.24150506206206, -86.58751094480976, 40.616346813345444, 36.06128260697005, 2.6619898937933613, 44.346954660417396, -16.294085799134336, 6.379236700027832, 38.07127188825689, -11.468392231996404, 0.39189033008005936, -62.680444046796765, 19.91814161397633, -126.81874387603602, -40.676807311116136, -37.155254509227234, 77.39926852099597, 53.40628563404607, 29.69946796448494, 15.048732009076048, 146.95795693949913, 73.82819459403981, 7.708446007731254, -53.607522028745734]
shares traded:
[488, 742, 222, 318, 208, 118, 414, 75, 481, 674, 1405, 341, 174, 432, 319, 412, 105, 183, 271, 136, 241, 440, 782, 1284, 355, 567, 91, 466, 373, 303, 144, 297, 584, 18, 216, 27, 210, 524, 545, 551, 225, 514, 379, 418, 60, 28, 389, 227, 387, 182]



avg utility:18.309472760479547
avg shares traded:366.9






alpha = 0.5:

utilities:
[114.26656164682936, -71.98453068059462, -55.3467358607013, -39.86403755561332, 9.993325088304118, 98.99213990877615, -24.464336597695365, 63.531002552001155, 136.8613654878718, 144.99851670436328, 12.035801806559903, 68.57357822023914, 33.04643289321393, 0.8019029847200727, -13.301721255178563, -38.846230076946085, -9.072252219339134, 26.7072923535452, 95.52233610651456, 73.16216116055148, 29.78903696172347, 28.691636049028602, 19.828929372830316, 182.08825792981952, 0.4765428364480613, 179.34977463938412, 112.45083344352315, 112.44830144554726, -52.70935180329252, 59.0382790206495, -18.287797561642947, -5.429398367530666, -3.5659358755801804, -2.054115271748742, 43.861919543502154, -48.41283234881121, -7.28783851134358, 138.52646096383978, 63.94365690878476, 5.181603067292599, -77.21735310093209, 0.40364084744942375, 0, 4.535344753036043, 133.52950979021261, -60.7382054477348, 2.944275806337828, -28.085123303259024, 25.734738357714377, -1.1702517419034848]
shares traded:
[379, 354, 582, 97, 644, 291, 107, 469, 813, 634, 486, 395, 385, 19, 142, 354, 587, 89, 398, 708, 823, 177, 487, 797, 110, 757, 346, 779, 156, 115, 919, 48, 262, 33, 78, 163, 17, 498, 601, 93, 650, 161, 0, 374, 772, 448, 684, 68, 144, 5]


avg utility: 29.26954222141532
avg shares traded: 369.96


alpha = 0.6

utilities:  [99.86479603903717, 36.68754761655873, 55.53661474035471, 26.098135367792565, 30.127020063329837, -21.19626603490906, -20.6128216470388, 51.88861831797112, -3.7821709441341227, -2.1002128477121005, -33.665779422197375, 4.461134460842004, -4.3098528884438565, 83.93322172568878, 82.57768843564554, 158.0986382758565, 0.36813307492411695, -2.336721280749771, -63.61307698620658, -7.27670524486166, 2.8694991018273868, 10.257420195048326, -1.0835579807171598, 8.28856122677098, 127.88929746803478, 18.56765076921147, -80.79277655157784, 144.63162929828104, 58.33633381266554, -15.586164511172683, -33.27144131064415, 30.873982821489335, 3.498467912519118, 37.1830972044263, -0.6911667177482741, -23.292711345566204, 2.444106546798139, 13.130260408754111, 50.910471990689985, -16.808565652390826, 52.95899698071298, 0.31753442039189395, 51.647780003389926, 68.91310445599083, -95.48731768052676, 141.99617502752517, -71.56389686645707, 2.097552359846304, 80.81909941657796, 96.90178152464796]
shares traded:
[389, 343, 380, 350, 460, 380, 113, 192, 537, 719, 1164, 502, 26, 836, 584, 445, 350, 701, 413, 214, 382, 213, 262, 443, 446, 379, 404, 1187, 539, 72, 244, 125, 1163, 620, 67, 242, 53, 42, 455, 56, 230, 607, 331, 472, 374, 884, 446, 593, 988, 751]



avg utility:22.734062903010926
avg shares traded:443.36



alpha = 0.75:
utilities:  [127.79171134841454, 46.386219833017094, -1.4202224922919413, 43.52123100125755, -93.49940185378364, 57.48495755586191, -49.47619396701339, 32.033478374476545, 76.63220668424037, -65.65114719157282, 2.085950783599401, -65.67860382760409, 1.4358424159145216, 146.87582512773224, 9.901320284770918, 41.36874616483692, 63.39283293951303, 60.29796526262362, 150.3045800577529, 10.03817048491328, 79.3835189925594, 3.3954948697646614, 66.81162773548567, 39.185935392131796, 74.77117351494962, 106.10981127595005, 4.871920917823445, 128.63039980622125, -1.483420879478217, 32.82643717840256, 167.76926280351472, -29.263760350091616, 7.260191016626777, 60.72847397977603, 9.790521983348299, 19.06627157557523, -55.99531003688753, -3.5271516293578316, 37.78416574637231, 164.57100524588895, 131.15430596275837, 45.06249735310848, 234.55801110796165, 18.841940008162055, 64.39455482977792, 48.65818315233628, -25.211834653149708, 117.16834770717833, 21.077401971342624, 37.510090735639096]
shares traded:  [519, 994, 368, 601, 775, 584, 534, 568, 561, 827, 223, 213, 6, 679, 120, 257, 632, 1455, 536, 143, 535, 212, 667, 140, 617, 978, 12, 617, 81, 631, 781, 78, 440, 298, 254, 96, 251, 520, 132, 1038, 574, 290, 1096, 113, 168, 167, 685, 498, 675, 618]

avg utility: 43.99451072600699
avg shares traded: 477.14

alpha = 0.9


utilities:
[71.96124334217166, -77.75894946453627, 52.08671804185724, 34.42434251769737, 49.94305398171127, -31.171014538762392, -5.279726705572102, 98.10571722318127, 46.390858896120335, 12.905124104087008, 4.072764482581988, -5.47401416178036, 173.2456633020629, 111.30727051294525, 77.20549912161368, 15.127473572909366, 0, 64.33680119024939, 16.933778927574167, 125.92846969417587, -19.29407611057104, 103.36225545909838, 122.0980896353285, -18.306380278852885, -33.76623503837618, 9.260989121117746, 56.311774610469, 110.87934814288747, 68.77815973717952, 69.18201945930196, -16.538547671414563, 94.68961097933061, 95.61385055923893, 164.84818750865816, 96.53664881334407, 16.989362813488697, 5.082474969342002, -15.045200804801425, 24.05165294231847, 134.78704065889178, 102.14494179452595, -51.90869807712443, 28.76851955341408, 25.39199324719084, 34.860675582734984, 161.08706383404206, 32.226445827662246, -13.450020702090114, -14.424326829146594, 171.36707985612156]
shares traded:
 [255, 699, 184, 290, 592, 404, 249, 264, 152, 120, 409, 604, 1115, 541, 444, 53, 0, 543, 59, 795, 711, 640, 506, 639, 626, 356, 447, 1085, 194, 1004, 162, 684, 507, 731, 503, 157, 9, 61, 233, 689, 250, 128, 417, 116, 374, 735, 433, 401, 294, 737]



avg utility: 47.59751547267195
avg shares traded: 432.02






alpha = 1
utilities:  [98.58555807147059, 13.412167582413531, 54.40787632326828, -41.76901588863984, 87.85177465424931, 18.313574240048183, 77.2023649199109, -77.25016835774295, 22.179958160137176, 114.103468019719, -63.39205512178887, -1.3823118772706948, -24.260758219461422, 12.080262103045243, -3.2902613145124633, 1.8451719688309822, -10.187833059258992, 90.16854794607207, 20.026736263098428, -24.02636951430759, 23.209394231118495, -36.122297002977575, 76.3717166032875, 76.0774312412832, -127.17708663089434, 3.4458960213378305, 65.11159635623335, 0.046305307405418716, 24.061711264090263, 70.77609937627858, -36.522483730572276, 79.29170691251056, 4.202259455763851, 8.268043852905976, 47.86444370666868, -25.88891158370825, -20.582176758427522, 36.669204903781065, 3.4762060216307873, -40.361919711038354, 45.06386988359736, 27.066317114324193, -42.15302571798384, -1.2756436422350816, -2.338341772527201, 28.03727656668343, -49.704926518781576, -19.440325214192853, 46.451869802200235, -13.018047704885248]
shares traded:  [634, 460, 484, 177, 532, 987, 693, 212, 115, 316, 496, 36, 583, 151, 57, 720, 201, 524, 332, 478, 370, 143, 595, 310, 393, 6, 1156, 14, 727, 297, 847, 449, 16, 124, 395, 211, 80, 203, 13, 462, 329, 507, 219, 3, 83, 75, 173, 62, 702, 82]

avg utility: 12.31049699064315
avg shares traded: 344.68


__________________________________________________________________________________

100 agents, 100 iterations, varying budgets

budget: [1, 20, 40, 60, 80, 100]

AMM: beta = 100 [280, 2901, 4971, 4657, 4502, 4962]     [77, 66, 70, 55, 55, 56]

AMM: beta = 100000 [1077, 1790, 2327, 3100, 2400, 2600] [23, 24, 26, 31, 24, 26]

AMM: beta = 100000000 [1115, 1690, 2227, 2400, 2900, 2300]  [26, 23, 25]

CDA no market maker: [152,3848, 7210, 8980, 8858, 8416] [95, 95, 96, 97, 99, 92]

CDA with market maker: [1316, 4584, 6970, 7656, 9164, 9326]   [85, 100, 101, 99, 99, 96]
